[[-19.5 -19.5]
 [-18.5 -20.5]
 [-17.5 -21.5]
 [-16.5 -22.5]
 [-15.5 -24.5]
 [-14.5 -25.5]
 [-14.5 -24.5]
 [-13.5 -26.5]
 [-13.5 -25.5]
 [-12.5 -27.5]
 [-10.5 -29.5]
 [ -9.5 -30.5]
 [ -8.5 -31.5]
 [ -7.5 -33.5]
 [ -6.5 -34.5]
 [ -6.5 -33.5]
 [ 16.5 -23.5]
 [ 24.5 -28.5]][[-19.5 -19.5]
 [-18.5 -20.5]
 [-17.5 -21.5]
 [-16.5 -22.5]
 [-15.5 -24.5]
 [-14.5 -25.5]
 [-14.5 -24.5]
 [-13.5 -26.5]
 [-13.5 -25.5]
 [-12.5 -27.5]
 [-10.5 -29.5]
 [ -9.5 -30.5]
 [ -8.5 -31.5]
 [ -7.5 -33.5]
 [ -6.5 -34.5]
 [ -6.5 -33.5]
 [  3.5 -90.5]
 [  3.5 -86.5]
 [  3.5 -85.5]
 [  4.5 -89.5]
 [  4.5 -88.5]
 [  4.5 -87.5]
 [  4.5 -85.5]
 [  4.5 -84.5]
 [  4.5 -83.5]
 [  4.5 -82.5]
 [  5.5 -89.5]
 [  5.5 -88.5]
 [  5.5 -87.5]
 [  5.5 -86.5]
 [  5.5 -85.5]
 [  5.5 -84.5]
 [  5.5 -83.5]
 [  5.5 -82.5]
 [  5.5 -81.5]
 [  6.5 -87.5]
 [  6.5 -86.5]
 [  6.5 -81.5]
 [  7.5 -89.5]
 [  7.5 -88.5]
 [  7.5 -87.5]
 [  7.5 -85.5]
 [  7.5 -84.5]
 [  7.5 -83.5]
 [  7.5 -82.5]
 [ 16.5 -23.5]
 [ 24.5 -28.5]][[ -19.5  -19.5]
 [ -18.5  -20.5]
 [ -17.5  -21.5]
 [ -16.5  -22.5]
 [ -15.5  -24.5]
 [ -14.5  -25.5]
 [ -14.5  -24.5]
 [ -13.5  -26.5]
 [ -13.5  -25.5]
 [ -12.5  -27.5]
 [ -10.5  -29.5]
 [  -9.5  -30.5]
 [  -8.5  -31.5]
 [  -7.5  -33.5]
 [  -6.5  -34.5]
 [  -6.5  -33.5]
 [   2.5 -228.5]
 [   2.5 -226.5]
 [   2.5 -157.5]
 [   2.5 -156.5]
 [   3.5 -233.5]
 [   3.5 -230.5]
 [   3.5 -229.5]
 [   3.5 -228.5]
 [   3.5 -227.5]
 [   3.5 -225.5]
 [   3.5 -158.5]
 [   3.5 -157.5]
 [   3.5 -156.5]
 [   3.5 -155.5]
 [   3.5 -154.5]
 [   3.5 -153.5]
 [   3.5 -152.5]
 [   3.5 -151.5]
 [   3.5 -150.5]
 [   3.5  -90.5]
 [   3.5  -86.5]
 [   3.5  -85.5]
 [   4.5 -230.5]
 [   4.5 -228.5]
 [   4.5 -225.5]
 [   4.5 -156.5]
 [   4.5 -154.5]
 [   4.5 -153.5]
 [   4.5 -152.5]
 [   4.5 -151.5]
 [   4.5 -149.5]
 [   4.5  -89.5]
 [   4.5  -88.5]
 [   4.5  -87.5]
 [   4.5  -85.5]
 [   4.5  -84.5]
 [   4.5  -83.5]
 [   4.5  -82.5]
 [   5.5 -232.5]
 [   5.5 -231.5]
 [   5.5 -230.5]
 [   5.5 -229.5]
 [   5.5 -228.5]
 [   5.5 -227.5]
 [   5.5 -226.5]
 [   5.5 -225.5]
 [   5.5 -224.5]
 [   5.5 -156.5]
 [   5.5 -155.5]
 [   5.5 -154.5]
 [   5.5 -153.5]
 [   5.5 -152.5]
 [   5.5 -151.5]
 [   5.5 -150.5]
 [   5.5 -149.5]
 [   5.5  -89.5]
 [   5.5  -88.5]
 [   5.5  -87.5]
 [   5.5  -86.5]
 [   5.5  -85.5]
 [   5.5  -84.5]
 [   5.5  -83.5]
 [   5.5  -82.5]
 [   5.5  -81.5]
 [   6.5  -87.5]
 [   6.5  -86.5]
 [   6.5  -81.5]
 [   7.5  -89.5]
 [   7.5  -88.5]
 [   7.5  -87.5]
 [   7.5  -85.5]
 [   7.5  -84.5]
 [   7.5  -83.5]
 [   7.5  -82.5]
 [  16.5  -23.5]
 [  24.5  -28.5]][[ -19.5  -19.5]
 [ -18.5  -20.5]
 [ -17.5  -21.5]
 [ -16.5  -22.5]
 [ -15.5  -24.5]
 [ -14.5  -25.5]
 [ -14.5  -24.5]
 [ -13.5  -26.5]
 [ -13.5  -25.5]
 [ -12.5  -27.5]
 [ -10.5  -29.5]
 [  -9.5  -30.5]
 [  -8.5  -31.5]
 [  -7.5  -33.5]
 [  -6.5  -34.5]
 [  -6.5  -33.5]
 [   2.5 -308.5]
 [   2.5 -307.5]
 [   2.5 -306.5]
 [   2.5 -304.5]
 [   2.5 -303.5]
 [   2.5 -302.5]
 [   2.5 -301.5]
 [   2.5 -233.5]
 [   2.5 -231.5]
 [   2.5 -230.5]
 [   2.5 -229.5]
 [   2.5 -228.5]
 [   2.5 -226.5]
 [   2.5 -157.5]
 [   2.5 -156.5]
 [   3.5 -307.5]
 [   3.5 -306.5]
 [   3.5 -305.5]
 [   3.5 -304.5]
 [   3.5 -301.5]
 [   3.5 -300.5]
 [   3.5 -233.5]
 [   3.5 -232.5]
 [   3.5 -230.5]
 [   3.5 -229.5]
 [   3.5 -228.5]
 [   3.5 -227.5]
 [   3.5 -225.5]
 [   3.5 -158.5]
 [   3.5 -157.5]
 [   3.5 -156.5]
 [   3.5 -155.5]
 [   3.5 -154.5]
 [   3.5 -153.5]
 [   3.5 -152.5]
 [   3.5 -151.5]
 [   3.5 -150.5]
 [   3.5  -90.5]
 [   3.5  -86.5]
 [   3.5  -85.5]
 [   4.5 -377.5]
 [   4.5 -306.5]
 [   4.5 -305.5]
 [   4.5 -304.5]
 [   4.5 -303.5]
 [   4.5 -302.5]
 [   4.5 -300.5]
 [   4.5 -299.5]
 [   4.5 -230.5]
 [   4.5 -228.5]
 [   4.5 -225.5]
 [   4.5 -156.5]
 [   4.5 -154.5]
 [   4.5 -153.5]
 [   4.5 -152.5]
 [   4.5 -151.5]
 [   4.5 -149.5]
 [   4.5  -89.5]
 [   4.5  -88.5]
 [   4.5  -87.5]
 [   4.5  -85.5]
 [   4.5  -84.5]
 [   4.5  -83.5]
 [   4.5  -82.5]
 [   5.5 -378.5]
 [   5.5 -376.5]
 [   5.5 -375.5]
 [   5.5 -307.5]
 [   5.5 -306.5]
 [   5.5 -305.5]
 [   5.5 -304.5]
 [   5.5 -303.5]
 [   5.5 -302.5]
 [   5.5 -301.5]
 [   5.5 -300.5]
 [   5.5 -299.5]
 [   5.5 -232.5]
 [   5.5 -231.5]
 [   5.5 -230.5]
 [   5.5 -229.5]
 [   5.5 -228.5]
 [   5.5 -227.5]
 [   5.5 -226.5]
 [   5.5 -225.5]
 [   5.5 -224.5]
 [   5.5 -156.5]
 [   5.5 -155.5]
 [   5.5 -154.5]
 [   5.5 -153.5]
 [   5.5 -152.5]
 [   5.5 -151.5]
 [   5.5 -150.5]
 [   5.5 -149.5]
 [   5.5  -89.5]
 [   5.5  -88.5]
 [   5.5  -87.5]
 [   5.5  -86.5]
 [   5.5  -85.5]
 [   5.5  -84.5]
 [   5.5  -83.5]
 [   5.5  -82.5]
 [   5.5  -81.5]
 [   6.5 -306.5]
 [   6.5 -305.5]
 [   6.5 -304.5]
 [   6.5 -302.5]
 [   6.5 -301.5]
 [   6.5 -300.5]
 [   6.5  -87.5]
 [   6.5  -86.5]
 [   6.5  -81.5]
 [   7.5  -89.5]
 [   7.5  -88.5]
 [   7.5  -87.5]
 [   7.5  -85.5]
 [   7.5  -84.5]
 [   7.5  -83.5]
 [   7.5  -82.5]
 [  16.5  -23.5]
 [  24.5  -28.5]][[ -19.5  -19.5]
 [ -18.5  -20.5]
 [ -17.5  -21.5]
 [ -16.5  -22.5]
 [ -15.5  -24.5]
 [ -14.5  -25.5]
 [ -14.5  -24.5]
 [ -13.5  -26.5]
 [ -13.5  -25.5]
 [ -12.5  -27.5]
 [ -10.5  -29.5]
 [  -9.5  -30.5]
 [  -8.5  -31.5]
 [  -7.5  -33.5]
 [  -6.5  -34.5]
 [  -6.5  -33.5]
 [   2.5 -308.5]
 [   2.5 -307.5]
 [   2.5 -306.5]
 [   2.5 -304.5]
 [   2.5 -303.5]
 [   2.5 -302.5]
 [   2.5 -301.5]
 [   2.5 -233.5]
 [   2.5 -231.5]
 [   2.5 -230.5]
 [   2.5 -229.5]
 [   2.5 -228.5]
 [   2.5 -226.5]
 [   2.5 -157.5]
 [   2.5 -156.5]
 [   3.5 -381.5]
 [   3.5 -380.5]
 [   3.5 -379.5]
 [   3.5 -375.5]
 [   3.5 -307.5]
 [   3.5 -306.5]
 [   3.5 -305.5]
 [   3.5 -304.5]
 [   3.5 -301.5]
 [   3.5 -300.5]
 [   3.5 -233.5]
 [   3.5 -232.5]
 [   3.5 -230.5]
 [   3.5 -229.5]
 [   3.5 -228.5]
 [   3.5 -227.5]
 [   3.5 -225.5]
 [   3.5 -158.5]
 [   3.5 -157.5]
 [   3.5 -156.5]
 [   3.5 -155.5]
 [   3.5 -154.5]
 [   3.5 -153.5]
 [   3.5 -152.5]
 [   3.5 -151.5]
 [   3.5 -150.5]
 [   3.5  -90.5]
 [   3.5  -86.5]
 [   3.5  -85.5]
 [   4.5 -382.5]
 [   4.5 -381.5]
 [   4.5 -380.5]
 [   4.5 -378.5]
 [   4.5 -377.5]
 [   4.5 -376.5]
 [   4.5 -375.5]
 [   4.5 -306.5]
 [   4.5 -305.5]
 [   4.5 -304.5]
 [   4.5 -303.5]
 [   4.5 -302.5]
 [   4.5 -300.5]
 [   4.5 -299.5]
 [   4.5 -230.5]
 [   4.5 -228.5]
 [   4.5 -225.5]
 [   4.5 -156.5]
 [   4.5 -154.5]
 [   4.5 -153.5]
 [   4.5 -152.5]
 [   4.5 -151.5]
 [   4.5 -149.5]
 [   4.5  -89.5]
 [   4.5  -88.5]
 [   4.5  -87.5]
 [   4.5  -85.5]
 [   4.5  -84.5]
 [   4.5  -83.5]
 [   4.5  -82.5]
 [   5.5 -383.5]
 [   5.5 -382.5]
 [   5.5 -381.5]
 [   5.5 -380.5]
 [   5.5 -379.5]
 [   5.5 -378.5]
 [   5.5 -377.5]
 [   5.5 -376.5]
 [   5.5 -375.5]
 [   5.5 -374.5]
 [   5.5 -307.5]
 [   5.5 -306.5]
 [   5.5 -305.5]
 [   5.5 -304.5]
 [   5.5 -303.5]
 [   5.5 -302.5]
 [   5.5 -301.5]
 [   5.5 -300.5]
 [   5.5 -299.5]
 [   5.5 -232.5]
 [   5.5 -231.5]
 [   5.5 -230.5]
 [   5.5 -229.5]
 [   5.5 -228.5]
 [   5.5 -227.5]
 [   5.5 -226.5]
 [   5.5 -225.5]
 [   5.5 -224.5]
 [   5.5 -156.5]
 [   5.5 -155.5]
 [   5.5 -154.5]
 [   5.5 -153.5]
 [   5.5 -152.5]
 [   5.5 -151.5]
 [   5.5 -150.5]
 [   5.5 -149.5]
 [   5.5  -89.5]
 [   5.5  -88.5]
 [   5.5  -87.5]
 [   5.5  -86.5]
 [   5.5  -85.5]
 [   5.5  -84.5]
 [   5.5  -83.5]
 [   5.5  -82.5]
 [   5.5  -81.5]
 [   6.5 -306.5]
 [   6.5 -305.5]
 [   6.5 -304.5]
 [   6.5 -302.5]
 [   6.5 -301.5]
 [   6.5 -300.5]
 [   6.5  -87.5]
 [   6.5  -86.5]
 [   6.5  -81.5]
 [   7.5  -89.5]
 [   7.5  -88.5]
 [   7.5  -87.5]
 [   7.5  -85.5]
 [   7.5  -84.5]
 [   7.5  -83.5]
 [   7.5  -82.5]
 [  16.5  -23.5]
 [  24.5  -28.5]][[ -19.5  -19.5]
 [ -18.5  -20.5]
 [ -17.5  -21.5]
 [ -16.5  -22.5]
 [ -15.5  -24.5]
 [ -14.5  -25.5]
 [ -14.5  -24.5]
 [ -13.5  -26.5]
 [ -13.5  -25.5]
 [ -12.5  -27.5]
 [ -10.5  -29.5]
 [  -9.5  -30.5]
 [  -8.5  -31.5]
 [  -7.5  -33.5]
 [  -6.5  -34.5]
 [  -6.5  -33.5]
 [   2.5 -308.5]
 [   2.5 -307.5]
 [   2.5 -306.5]
 [   2.5 -304.5]
 [   2.5 -303.5]
 [   2.5 -302.5]
 [   2.5 -301.5]
 [   2.5 -233.5]
 [   2.5 -231.5]
 [   2.5 -230.5]
 [   2.5 -229.5]
 [   2.5 -228.5]
 [   2.5 -226.5]
 [   2.5 -157.5]
 [   2.5 -156.5]
 [   3.5 -381.5]
 [   3.5 -380.5]
 [   3.5 -379.5]
 [   3.5 -375.5]
 [   3.5 -307.5]
 [   3.5 -306.5]
 [   3.5 -305.5]
 [   3.5 -304.5]
 [   3.5 -301.5]
 [   3.5 -300.5]
 [   3.5 -233.5]
 [   3.5 -232.5]
 [   3.5 -230.5]
 [   3.5 -229.5]
 [   3.5 -228.5]
 [   3.5 -227.5]
 [   3.5 -225.5]
 [   3.5 -158.5]
 [   3.5 -157.5]
 [   3.5 -156.5]
 [   3.5 -155.5]
 [   3.5 -154.5]
 [   3.5 -153.5]
 [   3.5 -152.5]
 [   3.5 -151.5]
 [   3.5 -150.5]
 [   3.5  -90.5]
 [   3.5  -86.5]
 [   3.5  -85.5]
 [   4.5 -382.5]
 [   4.5 -381.5]
 [   4.5 -380.5]
 [   4.5 -378.5]
 [   4.5 -377.5]
 [   4.5 -376.5]
 [   4.5 -375.5]
 [   4.5 -306.5]
 [   4.5 -305.5]
 [   4.5 -304.5]
 [   4.5 -303.5]
 [   4.5 -302.5]
 [   4.5 -300.5]
 [   4.5 -299.5]
 [   4.5 -230.5]
 [   4.5 -228.5]
 [   4.5 -225.5]
 [   4.5 -156.5]
 [   4.5 -154.5]
 [   4.5 -153.5]
 [   4.5 -152.5]
 [   4.5 -151.5]
 [   4.5 -149.5]
 [   4.5  -89.5]
 [   4.5  -88.5]
 [   4.5  -87.5]
 [   4.5  -85.5]
 [   4.5  -84.5]
 [   4.5  -83.5]
 [   4.5  -82.5]
 [   5.5 -383.5]
 [   5.5 -382.5]
 [   5.5 -381.5]
 [   5.5 -380.5]
 [   5.5 -379.5]
 [   5.5 -378.5]
 [   5.5 -377.5]
 [   5.5 -376.5]
 [   5.5 -375.5]
 [   5.5 -374.5]
 [   5.5 -307.5]
 [   5.5 -306.5]
 [   5.5 -305.5]
 [   5.5 -304.5]
 [   5.5 -303.5]
 [   5.5 -302.5]
 [   5.5 -301.5]
 [   5.5 -300.5]
 [   5.5 -299.5]
 [   5.5 -232.5]
 [   5.5 -231.5]
 [   5.5 -230.5]
 [   5.5 -229.5]
 [   5.5 -228.5]
 [   5.5 -227.5]
 [   5.5 -226.5]
 [   5.5 -225.5]
 [   5.5 -224.5]
 [   5.5 -156.5]
 [   5.5 -155.5]
 [   5.5 -154.5]
 [   5.5 -153.5]
 [   5.5 -152.5]
 [   5.5 -151.5]
 [   5.5 -150.5]
 [   5.5 -149.5]
 [   5.5  -89.5]
 [   5.5  -88.5]
 [   5.5  -87.5]
 [   5.5  -86.5]
 [   5.5  -85.5]
 [   5.5  -84.5]
 [   5.5  -83.5]
 [   5.5  -82.5]
 [   5.5  -81.5]
 [   6.5 -306.5]
 [   6.5 -305.5]
 [   6.5 -304.5]
 [   6.5 -302.5]
 [   6.5 -301.5]
 [   6.5 -300.5]
 [   6.5  -87.5]
 [   6.5  -86.5]
 [   6.5  -81.5]
 [   7.5  -89.5]
 [   7.5  -88.5]
 [   7.5  -87.5]
 [   7.5  -85.5]
 [   7.5  -84.5]
 [   7.5  -83.5]
 [   7.5  -82.5]
 [  16.5  -23.5]
 [  24.5  -28.5]][[ -19.5  -19.5]
 [ -18.5  -20.5]
 [ -17.5  -21.5]
 [ -16.5  -22.5]
 [ -15.5  -24.5]
 [ -14.5  -25.5]
 [ -14.5  -24.5]
 [ -13.5  -26.5]
 [ -13.5  -25.5]
 [ -12.5  -27.5]
 [ -10.5  -29.5]
 [  -9.5  -30.5]
 [  -8.5  -31.5]
 [  -7.5  -33.5]
 [  -6.5  -34.5]
 [  -6.5  -33.5]
 [   2.5 -308.5]
 [   2.5 -307.5]
 [   2.5 -306.5]
 [   2.5 -304.5]
 [   2.5 -303.5]
 [   2.5 -302.5]
 [   2.5 -301.5]
 [   2.5 -233.5]
 [   2.5 -231.5]
 [   2.5 -230.5]
 [   2.5 -229.5]
 [   2.5 -228.5]
 [   2.5 -226.5]
 [   2.5 -157.5]
 [   2.5 -156.5]
 [   3.5 -381.5]
 [   3.5 -380.5]
 [   3.5 -379.5]
 [   3.5 -375.5]
 [   3.5 -307.5]
 [   3.5 -306.5]
 [   3.5 -305.5]
 [   3.5 -304.5]
 [   3.5 -301.5]
 [   3.5 -300.5]
 [   3.5 -233.5]
 [   3.5 -232.5]
 [   3.5 -230.5]
 [   3.5 -229.5]
 [   3.5 -228.5]
 [   3.5 -227.5]
 [   3.5 -225.5]
 [   3.5 -158.5]
 [   3.5 -157.5]
 [   3.5 -156.5]
 [   3.5 -155.5]
 [   3.5 -154.5]
 [   3.5 -153.5]
 [   3.5 -152.5]
 [   3.5 -151.5]
 [   3.5 -150.5]
 [   3.5  -90.5]
 [   3.5  -86.5]
 [   3.5  -85.5]
 [   4.5 -382.5]
 [   4.5 -381.5]
 [   4.5 -380.5]
 [   4.5 -378.5]
 [   4.5 -377.5]
 [   4.5 -376.5]
 [   4.5 -375.5]
 [   4.5 -306.5]
 [   4.5 -305.5]
 [   4.5 -304.5]
 [   4.5 -303.5]
 [   4.5 -302.5]
 [   4.5 -300.5]
 [   4.5 -299.5]
 [   4.5 -230.5]
 [   4.5 -228.5]
 [   4.5 -225.5]
 [   4.5 -156.5]
 [   4.5 -154.5]
 [   4.5 -153.5]
 [   4.5 -152.5]
 [   4.5 -151.5]
 [   4.5 -149.5]
 [   4.5  -89.5]
 [   4.5  -88.5]
 [   4.5  -87.5]
 [   4.5  -85.5]
 [   4.5  -84.5]
 [   4.5  -83.5]
 [   4.5  -82.5]
 [   5.5 -383.5]
 [   5.5 -382.5]
 [   5.5 -381.5]
 [   5.5 -380.5]
 [   5.5 -379.5]
 [   5.5 -378.5]
 [   5.5 -377.5]
 [   5.5 -376.5]
 [   5.5 -375.5]
 [   5.5 -374.5]
 [   5.5 -307.5]
 [   5.5 -306.5]
 [   5.5 -305.5]
 [   5.5 -304.5]
 [   5.5 -303.5]
 [   5.5 -302.5]
 [   5.5 -301.5]
 [   5.5 -300.5]
 [   5.5 -299.5]
 [   5.5 -232.5]
 [   5.5 -231.5]
 [   5.5 -230.5]
 [   5.5 -229.5]
 [   5.5 -228.5]
 [   5.5 -227.5]
 [   5.5 -226.5]
 [   5.5 -225.5]
 [   5.5 -224.5]
 [   5.5 -156.5]
 [   5.5 -155.5]
 [   5.5 -154.5]
 [   5.5 -153.5]
 [   5.5 -152.5]
 [   5.5 -151.5]
 [   5.5 -150.5]
 [   5.5 -149.5]
 [   5.5  -89.5]
 [   5.5  -88.5]
 [   5.5  -87.5]
 [   5.5  -86.5]
 [   5.5  -85.5]
 [   5.5  -84.5]
 [   5.5  -83.5]
 [   5.5  -82.5]
 [   5.5  -81.5]
 [   6.5 -306.5]
 [   6.5 -305.5]
 [   6.5 -304.5]
 [   6.5 -302.5]
 [   6.5 -301.5]
 [   6.5 -300.5]
 [   6.5  -87.5]
 [   6.5  -86.5]
 [   6.5  -81.5]
 [   7.5  -89.5]
 [   7.5  -88.5]
 [   7.5  -87.5]
 [   7.5  -85.5]
 [   7.5  -84.5]
 [   7.5  -83.5]
 [   7.5  -82.5]
 [  16.5  -23.5]
 [  24.5  -28.5]][][][][][][][][][[   3.5 -765.5]
 [   3.5 -764.5]
 [   3.5 -763.5]
 [   3.5 -762.5]
 [   4.5 -763.5]
 [   5.5 -764.5]
 [   5.5 -763.5]
 [   5.5 -762.5]
 [   5.5 -761.5]
 [   6.5 -770.5]
 [  10.5 -769.5]
 [  15.5 -767.5]
 [  16.5 -766.5]][[   2.5 -758.5]
 [   2.5 -757.5]
 [   2.5 -752.5]
 [   3.5 -775.5]
 [   3.5 -770.5]
 [   3.5 -769.5]
 [   3.5 -765.5]
 [   3.5 -764.5]
 [   3.5 -763.5]
 [   3.5 -762.5]
 [   3.5 -756.5]
 [   4.5 -778.5]
 [   4.5 -768.5]
 [   4.5 -763.5]
 [   4.5 -757.5]
 [   4.5 -756.5]
 [   5.5 -779.5]
 [   5.5 -774.5]
 [   5.5 -769.5]
 [   5.5 -764.5]
 [   5.5 -763.5]
 [   5.5 -762.5]
 [   5.5 -761.5]
 [   6.5 -770.5]
 [  10.5 -769.5]
 [  15.5 -767.5]
 [  16.5 -766.5]][[   2.5 -758.5]
 [   2.5 -757.5]
 [   2.5 -755.5]
 [   2.5 -752.5]
 [   3.5 -775.5]
 [   3.5 -770.5]
 [   3.5 -769.5]
 [   3.5 -765.5]
 [   3.5 -764.5]
 [   3.5 -763.5]
 [   3.5 -762.5]
 [   3.5 -756.5]
 [   3.5 -754.5]
 [   4.5 -778.5]
 [   4.5 -774.5]
 [   4.5 -768.5]
 [   4.5 -763.5]
 [   4.5 -757.5]
 [   4.5 -756.5]
 [   5.5 -779.5]
 [   5.5 -776.5]
 [   5.5 -774.5]
 [   5.5 -773.5]
 [   5.5 -769.5]
 [   5.5 -764.5]
 [   5.5 -763.5]
 [   5.5 -762.5]
 [   5.5 -761.5]
 [   6.5 -770.5]
 [  10.5 -769.5]
 [  15.5 -767.5]
 [  16.5 -766.5]][[-1.500e+00 -7.555e+02]
 [-5.000e-01 -7.565e+02]
 [ 2.500e+00 -7.585e+02]
 [ 2.500e+00 -7.575e+02]
 [ 2.500e+00 -7.555e+02]
 [ 2.500e+00 -7.525e+02]
 [ 3.500e+00 -7.755e+02]
 [ 3.500e+00 -7.705e+02]
 [ 3.500e+00 -7.695e+02]
 [ 3.500e+00 -7.655e+02]
 [ 3.500e+00 -7.645e+02]
 [ 3.500e+00 -7.635e+02]
 [ 3.500e+00 -7.625e+02]
 [ 3.500e+00 -7.565e+02]
 [ 3.500e+00 -7.545e+02]
 [ 4.500e+00 -7.785e+02]
 [ 4.500e+00 -7.745e+02]
 [ 4.500e+00 -7.735e+02]
 [ 4.500e+00 -7.685e+02]
 [ 4.500e+00 -7.635e+02]
 [ 4.500e+00 -7.615e+02]
 [ 4.500e+00 -7.575e+02]
 [ 4.500e+00 -7.565e+02]
 [ 4.500e+00 -7.545e+02]
 [ 5.500e+00 -7.815e+02]
 [ 5.500e+00 -7.795e+02]
 [ 5.500e+00 -7.765e+02]
 [ 5.500e+00 -7.745e+02]
 [ 5.500e+00 -7.735e+02]
 [ 5.500e+00 -7.695e+02]
 [ 5.500e+00 -7.645e+02]
 [ 5.500e+00 -7.635e+02]
 [ 5.500e+00 -7.625e+02]
 [ 5.500e+00 -7.615e+02]
 [ 6.500e+00 -7.705e+02]
 [ 1.050e+01 -7.695e+02]
 [ 1.550e+01 -7.675e+02]
 [ 1.650e+01 -7.665e+02]
 [ 1.850e+01 -7.825e+02]][[-1.500e+00 -7.555e+02]
 [-5.000e-01 -7.565e+02]
 [ 2.500e+00 -7.585e+02]
 [ 2.500e+00 -7.575e+02]
 [ 2.500e+00 -7.555e+02]
 [ 2.500e+00 -7.525e+02]
 [ 3.500e+00 -7.755e+02]
 [ 3.500e+00 -7.705e+02]
 [ 3.500e+00 -7.695e+02]
 [ 3.500e+00 -7.655e+02]
 [ 3.500e+00 -7.645e+02]
 [ 3.500e+00 -7.635e+02]
 [ 3.500e+00 -7.625e+02]
 [ 3.500e+00 -7.565e+02]
 [ 3.500e+00 -7.545e+02]
 [ 4.500e+00 -7.785e+02]
 [ 4.500e+00 -7.745e+02]
 [ 4.500e+00 -7.735e+02]
 [ 4.500e+00 -7.685e+02]
 [ 4.500e+00 -7.635e+02]
 [ 4.500e+00 -7.615e+02]
 [ 4.500e+00 -7.575e+02]
 [ 4.500e+00 -7.565e+02]
 [ 4.500e+00 -7.545e+02]
 [ 5.500e+00 -7.815e+02]
 [ 5.500e+00 -7.795e+02]
 [ 5.500e+00 -7.765e+02]
 [ 5.500e+00 -7.745e+02]
 [ 5.500e+00 -7.735e+02]
 [ 5.500e+00 -7.695e+02]
 [ 5.500e+00 -7.645e+02]
 [ 5.500e+00 -7.635e+02]
 [ 5.500e+00 -7.625e+02]
 [ 5.500e+00 -7.615e+02]
 [ 6.500e+00 -7.705e+02]
 [ 1.050e+01 -7.695e+02]
 [ 1.550e+01 -7.675e+02]
 [ 1.650e+01 -7.665e+02]
 [ 1.850e+01 -7.825e+02]][[-1.500e+00 -7.555e+02]
 [-5.000e-01 -7.565e+02]
 [ 2.500e+00 -7.585e+02]
 [ 2.500e+00 -7.575e+02]
 [ 2.500e+00 -7.555e+02]
 [ 2.500e+00 -7.525e+02]
 [ 3.500e+00 -7.755e+02]
 [ 3.500e+00 -7.705e+02]
 [ 3.500e+00 -7.695e+02]
 [ 3.500e+00 -7.655e+02]
 [ 3.500e+00 -7.645e+02]
 [ 3.500e+00 -7.635e+02]
 [ 3.500e+00 -7.625e+02]
 [ 3.500e+00 -7.565e+02]
 [ 3.500e+00 -7.545e+02]
 [ 4.500e+00 -7.785e+02]
 [ 4.500e+00 -7.745e+02]
 [ 4.500e+00 -7.735e+02]
 [ 4.500e+00 -7.685e+02]
 [ 4.500e+00 -7.635e+02]
 [ 4.500e+00 -7.615e+02]
 [ 4.500e+00 -7.575e+02]
 [ 4.500e+00 -7.565e+02]
 [ 4.500e+00 -7.545e+02]
 [ 5.500e+00 -7.815e+02]
 [ 5.500e+00 -7.795e+02]
 [ 5.500e+00 -7.765e+02]
 [ 5.500e+00 -7.745e+02]
 [ 5.500e+00 -7.735e+02]
 [ 5.500e+00 -7.695e+02]
 [ 5.500e+00 -7.645e+02]
 [ 5.500e+00 -7.635e+02]
 [ 5.500e+00 -7.625e+02]
 [ 5.500e+00 -7.615e+02]
 [ 6.500e+00 -7.705e+02]
 [ 1.050e+01 -7.695e+02]
 [ 1.550e+01 -7.675e+02]
 [ 1.650e+01 -7.665e+02]
 [ 1.850e+01 -7.825e+02]][[-1.500e+00 -7.555e+02]
 [-5.000e-01 -7.565e+02]
 [ 2.500e+00 -7.585e+02]
 [ 2.500e+00 -7.575e+02]
 [ 2.500e+00 -7.555e+02]
 [ 2.500e+00 -7.525e+02]
 [ 3.500e+00 -7.755e+02]
 [ 3.500e+00 -7.705e+02]
 [ 3.500e+00 -7.695e+02]
 [ 3.500e+00 -7.655e+02]
 [ 3.500e+00 -7.645e+02]
 [ 3.500e+00 -7.635e+02]
 [ 3.500e+00 -7.625e+02]
 [ 3.500e+00 -7.565e+02]
 [ 3.500e+00 -7.545e+02]
 [ 4.500e+00 -7.785e+02]
 [ 4.500e+00 -7.745e+02]
 [ 4.500e+00 -7.735e+02]
 [ 4.500e+00 -7.685e+02]
 [ 4.500e+00 -7.635e+02]
 [ 4.500e+00 -7.615e+02]
 [ 4.500e+00 -7.575e+02]
 [ 4.500e+00 -7.565e+02]
 [ 4.500e+00 -7.545e+02]
 [ 5.500e+00 -7.815e+02]
 [ 5.500e+00 -7.795e+02]
 [ 5.500e+00 -7.765e+02]
 [ 5.500e+00 -7.745e+02]
 [ 5.500e+00 -7.735e+02]
 [ 5.500e+00 -7.695e+02]
 [ 5.500e+00 -7.645e+02]
 [ 5.500e+00 -7.635e+02]
 [ 5.500e+00 -7.625e+02]
 [ 5.500e+00 -7.615e+02]
 [ 6.500e+00 -7.705e+02]
 [ 1.050e+01 -7.695e+02]
 [ 1.550e+01 -7.675e+02]
 [ 1.650e+01 -7.665e+02]
 [ 1.850e+01 -7.825e+02]]